0
1
3
6
8
10
12
15
18
22
26
31
35
38
41
43
46
50
53
55
58
62
66
71
76
80
83
87
92
96
101
106
110
114
119
125
132
138
144
149
154
160
167
175
183
191
199
206
212
218
223
227
232
238
244
249
254
258
262
266
269
272
276
279
282
284
287
290
292
293
294
296
298
301
303
305
308
310
311
312
313
314
315
316
317
318
319
320
322
324
327
330
333
337
342
347
351
355
358
362
365
369
374
379
383
388
393
397
400
404
409
415
420
424
427
430
434
439
444
449
454
460
466
472
477
481
484
488
492
497
502
508
513
519
526
532
538
545
552
558
565
573
581
588
596
605
614
623
631
639
647
655
664
672
681
690
698
707
715
723
731
740
750
761
772
783
795
806
818
829
839
848
857
865
874
883
891
899
907
915
922
928
934
940
947
955
962
969
976
983
989
996
1002
1008
1015
1022
1029
1036
1043
1050
1058
1065
1072
1079
1086
1092
1098
1105
1113
1121
1128
1134
1139
1145
1152
1158
1163
1169
1175
1181
1187
1194
1200
1205
1210
1215
1221
1226
1232
1239
1246
1254
1262
1270
1279
1287
1295
1302
1308
1313
1318
1322
1325
1327
1330
1332
1335
1338
1340
1342
1344
1347
1351
1355
1358
1360
1361
1362
1363
1364
1365
1367
1370
1372
1374
1377
1380
1383
1385
1387
1390
1392
1395
1398
1401
1405
1408
1411
1414
1416
1419
1423
1427
1430
1433
1437
1441
1446
1452
1459
1465
1472
1478
1485
1493
1502
1511
1521
1531
1540
1548
1555
1563
1572
1582
1592
1601
1610
1619
1627
1634
1641
1649
1656
1664
1673
1683
1693
1702
1711
1720
1729
1738
1746
1754
1761
1768
1775
1782
1789
1796
1804
1813
1823
1834
1846
1859
1872
1884
1895
1905
1914
1922
1930
1939
1948
1957
1965
1973
1980
1987
1993
2000
2006
2011
2017
2022
2026
2029
2033
2037
2042
2046
2051
2056
2060
2064
2069
2074
2080
2087
2094
2100
2105
2109
2112
2114
2115
2117
2120
2122
2124
2127
2129
2131
2134
2138
2143
2149
2156
2163
2171
2179
2187
2195
2204
2213
2222
2230
2238
2246
2255
2263
2270
2276
2282
2288
2293
2298
2304
2310
2316
2321
2325
2328
2331
2333
2335
2337
2338
2339
2340
2342
2344
2347
2350
2352
2353
2355
2357
2358
2359
2360
2361
2363
2364
2365
2366
2367
2368
2369
2371
2374
2378
2381
2384
2388
2393
2399
2406
2414
2423
2432
2440
2449
2459
2469
2478
2486
2494
2503
2511
2519
2527
2534
2541
2549
2556
2563
2571
2580
2590
2601
2612
2624
2637
2649
2662
2676
2691
2706
2722
2739
2757
2775
2793
2811
2828
2845
2863
2880
2898
2916
2933
2949
2964
2979
2993
3007
3022
3036
3049
3062
3074
3085
3096
3108
3121
3133
3146
3160
3175
3191
3208
3224
3241
3258
3274
3291
3308
3325
3343
3362
3380
3399
3417
3436
3456
3477
3499
3521
3542
3562
3582
3601
3619
3637
3654
3670
3685
3701
3717
3732
3747
3761
3776
3791
3805
3818
3830
3842
3853
3865
3876
3888
3900
3913
3926
3940
3954
3967
3981
3994
4007
4019
4030
4040
4051
4061
4072
4083
4093
4103
4114
4126
4138
4149
4159
4169
4178
4186
4194
4203
4211
4218
4226
4234
4243
4252
4260
4267
4275
4283
4292
4301
4310
4319
4327
4336
4346
4355
4365
4376
4387
4398
4409
4421
4434
4448
4463
4479
4495
4511
4527
4543
4560
4578
4597
4615
4632
4649
4666
4684
4703
4723
4744
4766
4787
4807
4828
4850
4872
4894
4915
4936
4957
4979
5001
5023
5044
5066
5089
5111
5133
5156
5178
5200
5223
5245
5268
5290
5312
5333
5353
5374
5394
5414
5435
5456
5476
5497
5518
5538
5557
5576
5594
5613
5631
5649
5667
5685
5704
5723
5743
5763
5782
5802
5822
5843
5863
5883
5902
5921
5939
5958
5976
5993
6010
6026
6043
6061
6078
6094
6111
6127
6144
6162
6181
6200
6218
6237
6255
6273
6291
6308
6326
6344
6362
6380
6397
6414
6431
6448
6465
6481
6497
6513
6529
6546
6562
6579
6597
6615
6633
6652
6672
6693
6715
6738
6760
6781
6801
6820
6840
6859
6878
6898
6919
6940
6961
6981
7002
7023
7043
7064
7085
7105
7125
7144
7163
7182
7202
7222
7241
7260
7278
7295
7313
7332
7352
7372
7393
7415
7438
7460
7483
7507
7530
7553
7575
7597
7618
7639
7659
7680
7700
7720
7740
7761
7782
7802
7822
7841
7860
7879
7898
7916
7934
7951
7969
7988
8006
8023
8040
8057
8073
8088
8102
8116
8131
8147
8164
8182
8199
8217
8236
8256
8277
8299
8321
8344
8367
8390
8413
8436
8458
8481
8503
8524
8545
8567
8589
8610
8630
8649
8669
8690
8711
8732
8754
8775
8795
8816
8836
8856
8875
8895
8916
8936
8957
8977
8997
9016
9036
9056
9075
9093
9110
9126
9141
9155
9168
9182
9196
9210
9225
9241
9257
9273
9288
9304
9319
9333
9348
9362
9376
9390
9404
9417
9431
9445
9460
9476
9493
9510
9528
9545
9562
9579
9597
9615
9634
9653
9671
9688
9704
9720
9736
9752
9769
9785
9800
9815
9831
9846
9860
9874
9887
9900
9914
9929
9944
9959
9973
9987
10001
10015
10029
10044
10058
10073
10089
10104
10120
10136
10151
10166
10180
10193
10207
10220
10232
10245
10259
10274
10288
10302
10315
10327
10339
10350
10360
10371
10381
10390
10400
10409
10418
10427
10436
10444
10451
10459
10467
10476
10485
10494
10504
10514
10524
10534
10543
10552
10561
10569
10576
10583
10596
10603
10609
10616
10623
10629
10636
10644
10652
10660
10668
10677
10685
10693
10701
10708
10716
10725
10733
10742
10751
10759
10766
10772
10777
10783
10788
10793
10798
10802
10806
10809
10811
10813
10815
10818
10820
10823
10827
10830
10833
10836
10840
10845
