0
1
2
3
5
8
12
16
20
23
26
30
33
37
40
43
46
50
54
58
63
67
71
74
76
79
82
85
87
90
92
93
94
95
96
97
99
100
101
102
103
104
105
106
107
109
112
116
121
127
134
140
145
150
154
158
163
168
172
175
179
182
184
186
187
188
189
190
192
193
194
196
199
203
206
209
211
213
214
216
217
219
222
224
227
231
236
240
244
249
253
256
260
265
270
274
278
282
286
289
291
292
293
295
297
299
300
301
302
304
305
306
308
311
313
315
318
321
325
328
332
336
340
343
346
349
353
356
360
364
369
373
376
380
385
391
396
402
409
416
422
429
435
442
449
456
464
471
477
482
488
494
500
505
511
517
523
530
538
547
557
566
575
585
594
602
611
619
627
636
645
654
663
672
682
693
705
718
731
744
757
769
781
794
807
821
834
847
861
875
890
906
923
941
960
978
995
1011
1028
1044
1059
1073
1088
1102
1116
1129
1141
1152
1164
1176
1188
1199
1209
1219
1229
1239
1250
1262
1274
1285
1296
1308
1321
1335
1348
1362
1375
1389
1402
1414
1426
1438
1449
1459
1468
1477
1486
1494
1501
1508
1514
1519
1523
1527
1532
1538
1545
1551
1558
1564
1571
1578
1586
1593
1599
1606
1614
1623
1632
1640
1649
1659
1670
1682
1693
1705
1717
1730
1744
1759
1774
1790
1805
1819
1832
1844
1856
1869
1883
1898
1913
1928
1943
1958
1973
1988
2003
2019
2034
2050
2066
2083
2100
2116
2131
2145
2160
2175
2190
2206
2222
2238
2253
2269
2284
2299
2314
2329
2345
2362
2379
2396
2413
2430
2447
2463
2478
2494
2509
2523
2538
2554
2571
2587
2603
2620
2636
2653
2671
2688
2705
2721
2736
2750
2765
2780
2796
2811
2825
2840
2856
2871
2886
2902
2919
2936
2954
2973
2992
3012
3032
3052
3072
3093
3114
3134
3153
3171
3190
3210
3230
3251
3273
3296
3318
3340
3361
3383
3406
3430
3453
3477
3502
3528
3555
3581
3606
3631
3655
3679
3702
3724
3746
3767
3789
3810
3832
3855
3877
3898
3919
3941
3963
3985
4007
4029
4051
4074
4098
4123
4149
4175
4202
4228
4254
4281
4307
4334
4361
4387
4413
4440
4466
4493
4519
4544
4568
4591
4613
4635
4657
4678
4699
4719
4740
4762
4785
4808
4832
4856
4879
4902
4925
4948
4972
4996
5019
5042
5066
5089
5113
5137
5160
5183
5205
5227
5248
5268
5287
5306
5324
5341
5359
5376
5392
5408
5424
5439
5454
5468
5482
5496
5509
5523
5536
5550
5565
5579
5594
5609
5625
5641
5657
5674
5691
5707
5723
5739
5754
5768
5783
5797
5810
5823
5836
5849
5863
5877
5892
5906
5920
5934
5949
5964
5978
5993
6007
6021
6035
6050
6064
6077
6089
6102
6116
6131
6147
6164
6182
6200
6219
6237
6254
6271
6288
6305
6322
6340
6358
6377
6397
6418
6439
6459
6478
6498
6517
6537
6556
6575
6594
6612
6631
6651
6671
6692
6712
6732
6751
6769
6787
6805
6824
6844
6865
6887
6909
6930
6952
6975
6998
7022
7046
7069
7091
7113
7134
7154
7173
7192
7211
7229
7248
7266
7285
7304
7323
7341
7358
7375
7391
7408
7425
7441
7456
7471
7486
7502
7519
7535
7550
7565
7581
7597
7614
7631
7648
7664
7681
7698
7716
7735
7753
7770
7787
7803
7820
7838
7856
7875
7894
7914
7933
7952
7972
7993
8015
8038
8060
8082
8104
8126
8147
8167
8188
8209
8230
8251
8273
8295
8318
8342
8367
8393
8419
8446
8472
8497
8522
8548
8573
8598
8623
8648
8672
8696
8720
8744
8767
8790
8814
8838
8862
8886
8911
8936
8961
8985
9010
9035
9061
9088
9114
9141
9168
9194
9220
9246
9272
9297
9323
9350
9376
9401
9425
9450
9475
9501
9527
9553
9580
9607
9635
9662
9690
9717
9743
9769
9794
9819
9843
9866
9889
9911
9934
9958
9982
10007
10032
10056
10079
10101
10124
10146
10167
10188
10209
10229
10248
10266
10283
10300
10318
10337
10355
10372
10389
10406
10423
10441
10459
10476
10494
10513
10532
10551
10570
10588
10605
10621
10636
10650
10665
10681
10696
10710
10725
10741
10758
10776
10795
10815
10836
10856
10876
10895
10914
10934
10954
10975
10996
11017
11038
11059
11081
11104
11126
11149
11171
11192
11214
11237
11259
11280
11301
11321
11340
11359
11377
11396
11414
11433
11453
11472
11490
11508
11527
11546
11566
11587
11609
11631
11654
11676
11697
11719
11740
11760
11781
11802
11822
11841
11859
11876
11894
11913
11932
11951
11969
11988
12008
12029
12049
12068
12087
12106
12125
12144
12164
12184
12204
12223
12243
12262
12280
12299
12317
12335
12352
12368
12383
12397
12412
12427
12442
12458
12473
12488
12503
12519
12535
12552
12569
12586
12602
12619
12635
12652
12668
12685
12701
12717
12734
12750
12765
12779
12794
12808
12822
12836
12850
12865
12880
12894
12907
12921
12936
12950
12964
12979
12995
13012
13030
13047
13065
13083
13102
13120
13138
13155
13172
13190
13208
13225
13242
13259
13276
13293
13311
13330
13348
13365
13382
13398
13414
13431
13447
13462
13478
13493
13509
13524
13539
13554
13568
13581
13595
13609
13624
13638
13653
13668
13683
13697
13712
13726
13740
13755
13770
13785
13800
13815
13831
13847
13864
13882
13901
13919
13936
13952
13968
13983
13997
14012
14027
14041
14054
14068
14083
14097
14112
14128
14145
14161
14177
14192
14207
14222
14236
14249
14261
14272
14284
14296
14308
14321
14335
14348
14360
14372
14384
14395
14407
14420
14433
14447
14460
14472
14485
14498
14512
14525
14538
14550
14562
14575
14587
14599
14611
14622
14633
14644
14656
14668
14680
14692
14703
14714
14726
14739
14751
14764
14778
14793
14807
14821
14835
14849
14864
14878
14893
14908
14924
14940
14955
14969
14982
14995
15008
15021
15035
15049
15062
15075
15088
15100
15111
15123
15136
15150
15163
15175
